jeq = 1.24*10^(-3)
jp = 1.10*10^(-3)
m = 0.027
l = 0.153
r = 0.0826
kf = 8.48*10^(-3)
ks = 0.028
beq = 2.4*10^(-3)
bp = 2.4*10^(-3)
g = 9.8154



